              precision    recall  f1-score   support

           0       0.61      0.69      0.65      5000
           1       0.74      0.77      0.75      5000
           2       0.52      0.52      0.52      5000
           3       0.47      0.48      0.47      5000
           4       0.53      0.57      0.55      5000
           5       0.52      0.51      0.51      5000
           6       0.72      0.67      0.69      5000
           7       0.69      0.64      0.67      5000
           8       0.67      0.65      0.66      5000
           9       0.74      0.71      0.72      5000

    accuracy                           0.62     50000
   macro avg       0.62      0.62      0.62     50000
weighted avg       0.62      0.62      0.62     50000
