              precision    recall  f1-score   support

           0       0.54      0.66      0.60      5000
           1       0.66      0.71      0.68      5000
           2       0.44      0.45      0.44      5000
           3       0.42      0.42      0.42      5000
           4       0.50      0.50      0.50      5000
           5       0.49      0.46      0.47      5000
           6       0.64      0.61      0.63      5000
           7       0.60      0.58      0.59      5000
           8       0.59      0.53      0.56      5000
           9       0.67      0.63      0.65      5000

    accuracy                           0.56     50000
   macro avg       0.56      0.56      0.55     50000
weighted avg       0.56      0.56      0.55     50000
